GLOBAL_V       1  2 0 0 4 0   0  0 T F F F F F T F F F F F F F T
 Contents of T/H Invariant Variables(TIV) block and Cross Sections(XS) block 
       TIV:inV/
        XS:tr,ab,nf,kf/sct/ADF/
  2  Group value of each variable are put together in a line.
 Some variables(separated by ",") share a line,"/" means change line
 Generated by GenPMAXS-v6.3 Release s76
STA_VAR   4  CR  DC  PC  TF
BRANCHES    1    0    3    8    0
    RE   1     0.00000     0.70045   600.00000   800.00000
    DC   1     0.00000     0.60811   600.00000   800.00000
    DC   2     0.00000     0.66113   600.00000   800.00000
    DC   3     0.00000     0.76971   600.00000   800.00000
    PC   1     0.00000     0.60811     0.00000   800.00000
    PC   2     0.00000     0.60811  1800.00000   800.00000
    PC   3     0.00000     0.66113     0.00000   800.00000
    PC   4     0.00000     0.66113  1800.00000   800.00000
    PC   5     0.00000     0.70045     0.00000   800.00000
    PC   6     0.00000     0.70045  1800.00000   800.00000
    PC   7     0.00000     0.76971     0.00000   800.00000
    PC   8     0.00000     0.76971  1800.00000   800.00000
BURNUPS    1
   1   1 0.00000
XS_SET  00000001  1 1 0  0  0 0 0.00000 0.00000 0.00000 0.00000 0.73580 0.00000 0.00000 0.00000
HISTORYC   1     0.00000     0.70045   600.00000   800.00000
 7.65342E-08 2.89318E-06
REFE   1   1
 2.35915E-01 1.17592E+00 1.33395E-03 1.80134E-02 0.00000E+00 0.00000E+00 0.00000E+00 0.00000E+00
 6.00264E-01 3.78060E-04 3.22963E-02 1.81147E+00
 1.00000E+00 1.00000E+00 1.00205E+00 2.61528E-01 1.00000E+00 1.00000E+00 1.00000E+00 1.00000E+00
BRDC   1   1
 2.10187E-01 1.75531E+00 1.04661E-03 1.80899E-02 0.00000E+00 0.00000E+00 0.00000E+00 0.00000E+00
 6.16133E-01-3.80244E-04 3.51683E-02 2.67423E+00
 0.00000E+00 0.00000E+00-2.96405E-01-3.70858E-01 0.00000E+00 0.00000E+00 0.00000E+00 0.00000E+00
BRDC   2   1
 1.80528E-01 1.98557E+00-5.50071E-03-2.28184E-01 0.00000E+00 0.00000E+00 0.00000E+00 0.00000E+00
 5.40427E-01-4.32887E-03 2.82802E-02 3.13963E+00
 0.00000E+00 0.00000E+00-3.62411E-01-2.82172E-01 0.00000E+00 0.00000E+00 0.00000E+00 0.00000E+00
BRDC   3   1
 2.14350E-01 1.75313E+00 5.13470E-03 1.91221E-01 0.00000E+00 0.00000E+00 0.00000E+00 0.00000E+00
 6.28401E-01 1.64566E-03 3.74307E-02 2.51860E+00
 0.00000E+00 0.00000E+00-1.67297E-01-2.38117E-01 0.00000E+00 0.00000E+00 0.00000E+00 0.00000E+00
BRPC   1   1
-3.40882E-05-2.55344E-04-6.07694E-07-2.01502E-05 0.00000E+00 0.00000E+00 0.00000E+00 0.00000E+00
-9.93106E-05-2.02807E-07-5.85698E-06-3.80483E-04
 0.00000E+00 0.00000E+00 3.91667E-05 5.66633E-05 0.00000E+00 0.00000E+00 0.00000E+00 0.00000E+00
BRPC   2   1
 7.96927E-07-4.74145E-06 2.00802E-07 7.35250E-06 0.00000E+00 0.00000E+00 0.00000E+00 0.00000E+00
 2.02701E-06 1.22415E-07 1.76767E-07-1.17432E-05
 0.00000E+00 0.00000E+00 2.68333E-06-5.26000E-06 0.00000E+00 0.00000E+00 0.00000E+00 0.00000E+00
BRPC   3   1
 1.67504E-06-1.22104E-05 4.27806E-07 1.61921E-05 0.00000E+00 0.00000E+00 0.00000E+00 0.00000E+00
 4.29561E-06 2.55935E-07 4.03089E-07-2.75439E-05
 0.00000E+00 0.00000E+00 5.96667E-06-4.05333E-06 0.00000E+00 0.00000E+00 0.00000E+00 0.00000E+00
BRPC   4   1
 1.18390E-06-1.04364E-05 4.21458E-07 1.53670E-05 0.00000E+00 0.00000E+00 0.00000E+00 0.00000E+00
 2.91497E-06 2.41540E-07 2.32362E-07-2.51339E-05
 0.00000E+00 0.00000E+00 8.05833E-06 1.29750E-05 0.00000E+00 0.00000E+00 0.00000E+00 0.00000E+00
BRPC   5   1
 2.85271E-05 2.95924E-04-1.03030E-06-3.99167E-05 0.00000E+00 0.00000E+00 0.00000E+00 0.00000E+00
 8.53785E-05-7.66831E-07 4.67182E-06 4.78219E-04
 0.00000E+00 0.00000E+00-6.61000E-05-6.55450E-05 0.00000E+00 0.00000E+00 0.00000E+00 0.00000E+00
BRPC   6   1
 2.10912E-06-1.99930E-05 6.63914E-07 2.51214E-05 0.00000E+00 0.00000E+00 0.00000E+00 0.00000E+00
 5.33352E-06 3.76788E-07 4.86166E-07-4.37496E-05
 0.00000E+00 0.00000E+00 1.16583E-05 1.55200E-05 0.00000E+00 0.00000E+00 0.00000E+00 0.00000E+00
BRPC   7   1
 1.86654E-06-2.10949E-05 4.78508E-07 1.96355E-05 0.00000E+00 0.00000E+00 0.00000E+00 0.00000E+00
 4.85659E-06 2.62482E-07 5.31264E-07-3.87943E-05
 0.00000E+00 0.00000E+00 7.39667E-06 7.63167E-06 0.00000E+00 0.00000E+00 0.00000E+00 0.00000E+00
BRPC   8   1
 1.34155E-06-1.77730E-05 4.73319E-07 1.84848E-05 0.00000E+00 0.00000E+00 0.00000E+00 0.00000E+00
 3.42131E-06 2.46102E-07 3.26683E-07-3.48457E-05
 0.00000E+00 0.00000E+00 9.12250E-06 1.91317E-05 0.00000E+00 0.00000E+00 0.00000E+00 0.00000E+00
 
